# Created by Octave 4.0.0, Wed Aug 05 03:26:22 2015 CEST <michael@pelican>
# name: lb_ub
# type: matrix
# rows: 9
# columns: 2
 0.2 0.4
 0.95 0.995
 0.01 0.1
 0 5
 0 0.99
 0 0.1
 0 0.99
 0 0.1
 0.25 0.375


